a1=0.5;
a2=-0.25;
b0=1;
b1=0.4;
